1001022
1003558
1004284
1005430
1005438
1005446
1005454
1009675
1009713
1009722
1013459
1013475
1013481
1013499
1013502
1013527
1016163
1016175
1016208
1016216
1016695
1016776
1016788
1016800
1016809
1016815
1016842
1017778
1017804
1019852
1019854
1019860
1019888
1019911
1020352
1020366
1020369
1020400
1020403
1020415
1020421
1020422
1020427
1028015
1028031
1028077
1031171
1031172
1031189
1031198
1038135
1038255
1044914
1048148
1051227
975747
980953
980968
982425
983251
993009
996633
997617
997641
